-0.09784269332885742
0.18692661821842194
0.001667075790464878
-0.04924479499459267
-0.03932191804051399
0.031098345294594765
-0.0521283820271492
-0.03926997631788254
0.23457278311252594
-0.03216817229986191
0.2620665431022644
0.05480721592903137
-0.1282249242067337
-0.10813207924365997
0.044077638536691666
0.11175770312547684
-0.12063667923212051
-0.12754707038402557
-0.10851803421974182
-0.01173997763544321
-0.01200118474662304
0.03602727875113487
0.09279532730579376
0.05904584750533104
-0.13615183532238007
-0.3872002065181732
-0.022962220013141632
-0.10682595521211624
0.02005668729543686
-0.09254172444343567
0.009786613285541534
0.023032035678625107
-0.18484891951084137
-0.0577787384390831
0.007560701109468937
0.05826786160469055
-0.052013225853443146
0.025067100301384926
0.22688347101211548
0.04623854532837868
-0.21133242547512054
0.06392695754766464
0.033751264214515686
0.30142518877983093
0.2223571240901947
0.03187699615955353
0.017612896859645844
-0.047907955944538116
0.06607017666101456
-0.20613537728786469
0.12049035727977753
0.12089977413415909
0.15489079058170319
0.026820886880159378
0.09151046723127365
-0.11223804205656052
-0.013080719858407974
0.04461508244276047
-0.1753351241350174
0.009403157979249954
0.04591606184840202
0.042467400431632996
-0.014578940346837044
0.0010546792764216661
0.2554798126220703
0.1425621509552002
-0.1049601137638092
-0.11107882857322693
0.047532819211483
-0.11143490672111511
-0.02234206534922123
0.10876145958900452
-0.11764800548553467
-0.20388270914554596
-0.27080485224723816
0.10762312263250351
0.374402791261673
0.11828692257404327
-0.20526976883411407
-0.015553471632301807
-0.0549686923623085
-0.033702533692121506
0.04474475607275963
0.03582577407360077
-0.1487412005662918
-0.028318822383880615
-0.07192754000425339
0.033191438764333725
0.19260384142398834
0.02764848619699478
-0.10058539360761642
0.20551294088363647
0.028843926265835762
0.018550539389252663
0.022038239985704422
0.032309483736753464
-0.04290948808193207
0.020614486187696457
-0.16827760636806488
-0.0088537922129035
0.009911678731441498
-0.01644916832447052
-0.006587212439626455
0.08051998913288116
-0.2024698108434677
0.10688233375549316
0.03591993451118469
-0.035164881497621536
0.025809114798903465
0.1435386687517166
-0.14075200259685516
-0.12113838642835617
0.11831735074520111
-0.22804251313209534
0.20733270049095154
0.13454222679138184
0.05802997946739197
0.1310812532901764
0.11913636326789856
0.05349024012684822
0.024482348933815956
0.05572767183184624
-0.05827976018190384
-0.027800919488072395
0.06844615936279297
-0.006863751914352179
0.11892054229974747
0.042426709085702896
