-0.12441696971654892
0.16781602799892426
0.013119600713253021
-0.11187654733657837
-0.08754149824380875
0.05548510327935219
0.004755998030304909
-0.14871126413345337
0.20338265597820282
-0.14017395675182343
0.28684771060943604
0.11542738229036331
-0.3396753668785095
-0.08042708039283752
-0.03330421447753906
0.10059268027544022
-0.19433985650539398
-0.15998907387256622
-0.03790413588285446
-0.10323692858219147
0.047775015234947205
-0.02152295783162117
0.0031894545536488295
0.07038968801498413
-0.10731644183397293
-0.25476130843162537
-0.13429927825927734
-0.045979730784893036
0.06138716638088226
-0.1709534078836441
0.020587390288710594
-0.016316592693328857
-0.14315207302570343
-0.03160914033651352
-0.050827506929636
0.036899764090776443
-0.03348659723997116
-0.10341189801692963
0.23475420475006104
0.005159066990017891
-0.13263097405433655
-0.02451741322875023
0.07092952728271484
0.2728878855705261
0.20086058974266052
-0.046359822154045105
0.035702288150787354
-0.1128886342048645
0.15290287137031555
-0.24605733156204224
0.09950055181980133
0.1258990615606308
0.2404409646987915
0.00032694265246391296
0.0814598798751831
-0.22592313587665558
-0.036837100982666016
0.22280444204807281
-0.19034941494464874
0.09657995402812958
0.05039495974779129
-0.06028226390480995
-0.03857307881116867
-0.02129484713077545
0.13456565141677856
0.11223212629556656
-0.15078343451023102
-0.16281674802303314
0.19415202736854553
-0.12944814562797546
-0.04907279461622238
0.145906463265419
-0.10681150108575821
-0.24085448682308197
-0.22773882746696472
0.07549631595611572
0.44772228598594666
0.20299504697322845
-0.09967673569917679
0.008004323579370975
-0.11257220059633255
-0.0889546200633049
0.024284785613417625
0.053746677935123444
-0.14170172810554504
-0.09221116453409195
-0.1423691213130951
0.1008305624127388
0.17061635851860046
0.07753811031579971
-0.059552859514951706
0.25495395064353943
0.026672791689634323
0.0846574530005455
-0.01166610512882471
0.094457246363163
-0.11834724247455597
0.06635844707489014
-0.10840341448783875
-0.004174111410975456
-0.031064586713910103
-0.10521038621664047
0.013746216893196106
0.10800222307443619
-0.1624387949705124
0.12968862056732178
0.02093653939664364
0.018980182707309723
-0.03473953902721405
-0.039715204387903214
-0.12029794603586197
0.03559239208698273
0.15919101238250732
-0.34319040179252625
0.12541407346725464
0.17438893020153046
0.03013913333415985
0.12645302712917328
0.11858882755041122
0.019039010629057884
0.08961226046085358
-0.17019063234329224
-0.22793792188167572
-0.010368097573518753
0.052240461111068726
-0.13371983170509338
0.09931392967700958
0.023923467844724655
